1787691377.772103 -0.0007 -0.0127 0.0034 -0.000435 0.002746 0.001203 0.999995
1787691377.849758 -0.0009 -0.0151 0.0039 -0.000105 0.002701 0.001406 0.999995
1787691377.927457 -0.0022 -0.0112 0.0037 0.001521 -0.000676 -0.000236 0.999999
1787691377.959934 -0.0025 -0.0122 0.0033 -0.000046 0.002366 0.001034 0.999997
1787691378.043448 -0.0025 -0.0085 0.0033 0.001126 -0.000901 -0.000170 0.999999
1787691378.104931 -0.0026 -0.0104 0.0030 -0.000276 0.002096 0.001199 0.999997
1787691378.146822 -0.0025 -0.0073 0.0028 0.001035 -0.000710 -0.000058 0.999999
1787691378.216029 -0.0027 -0.0100 0.0030 -0.000153 0.002176 0.001117 0.999997
1787691378.273678 -0.0030 -0.0072 0.0029 0.001017 -0.000584 0.000045 0.999999
1787691378.365822 -0.0020 -0.0102 0.0021 0.000346 0.001493 0.001668 0.999997
