1787715954.768590 -0.1336 0.5057 -0.2419 0.066920 0.002483 -0.504756 0.860661
1787715954.866734 -0.1340 0.5059 -0.2421 0.067047 0.002081 -0.505532 0.860196
1787715954.984297 -0.1339 0.5064 -0.2418 0.066916 0.003194 -0.506566 0.859595
1787715955.075937 -0.1350 0.5080 -0.2416 0.068119 0.004472 -0.508137 0.858566
1787715955.189953 -0.1363 0.5101 -0.2414 0.067890 0.007339 -0.510638 0.857080
1787715955.270337 -0.1389 0.5127 -0.2421 0.066664 0.007015 -0.515521 0.854251
1787715955.367343 -0.1449 0.5181 -0.2422 0.066165 0.005862 -0.524298 0.848940
1787715955.478603 -0.1545 0.5279 -0.2408 0.065209 0.007833 -0.534972 0.842313
1787715955.570683 -0.1691 0.5413 -0.2392 0.063414 0.013004 -0.546136 0.835192
1787715955.686246 -0.1887 0.5575 -0.2376 0.062874 0.018499 -0.558760 0.826736
1787715955.767019 -0.2115 0.5764 -0.2355 0.061584 0.024076 -0.570123 0.818894
1787715955.857276 -0.2362 0.5957 -0.2324 0.058656 0.030344 -0.578265 0.813172
1787715955.961768 -0.2614 0.6149 -0.2295 0.053352 0.034566 -0.584397 0.808974
1787715956.068162 -0.2838 0.6310 -0.2266 0.053740 0.037971 -0.588516 0.805804
1787715956.184267 -0.3030 0.6452 -0.2244 0.049321 0.041631 -0.594604 0.801424
1787715956.267089 -0.3223 0.6567 -0.2251 0.049308 0.040144 -0.604927 0.793738
1787715956.361060 -0.3461 0.6677 -0.2270 0.051651 0.041330 -0.614922 0.785809
1787715956.458440 -0.3722 0.6763 -0.2285 0.054895 0.048218 -0.624642 0.777486
1787715956.594267 -0.3997 0.6824 -0.2280 0.059100 0.050548 -0.634457 0.769036
1787715956.671232 -0.4317 0.6840 -0.2270 0.059002 0.049091 -0.643100 0.761926
1787715956.776013 -0.4680 0.6831 -0.2265 0.060405 0.043156 -0.650875 0.755546
1787715956.867834 -0.5076 0.6813 -0.2287 0.055584 0.044056 -0.655102 0.752204
1787715956.970729 -0.5490 0.6777 -0.2301 0.059009 0.046267 -0.653762 0.752976
1787715957.067030 -0.5934 0.6679 -0.2332 0.052707 0.044648 -0.657405 0.750365
1787715957.183032 -0.6293 0.6634 -0.2336 0.049904 0.041565 -0.662289 0.746428
1787715957.270518 -0.6626 0.6637 -0.2348 0.050929 0.048414 -0.659913 0.748049
1787715957.372425 -0.6947 0.6630 -0.2355 0.058693 0.046381 -0.660001 0.747531
1787715957.482428 -0.7303 0.6605 -0.2374 0.057744 0.046567 -0.657277 0.749990
1787715957.567159 -0.7677 0.6596 -0.2380 0.059412 0.044818 -0.653112 0.753596
1787715957.672503 -0.8104 0.6577 -0.2382 0.061718 0.037829 -0.649012 0.757327
1787715957.758100 -0.8592 0.6565 -0.2405 0.059903 0.034954 -0.642493 0.763146
1787715957.859018 -0.9085 0.6556 -0.2467 0.057532 0.040630 -0.637739 0.767025
1787715957.980487 -0.9560 0.6526 -0.2519 0.064953 0.038092 -0.628317 0.774304
1787715958.081740 -1.0004 0.6455 -0.2550 0.068061 0.040365 -0.616906 0.783049
1787715958.190947 -1.0384 0.6375 -0.2581 0.060955 0.041979 -0.611876 0.787483
1787715958.267017 -1.0711 0.6308 -0.2574 0.063784 0.042404 -0.607775 0.790407
1787715958.361391 -1.1047 0.6207 -0.2561 0.065039 0.049048 -0.603902 0.792885
1787715958.457277 -1.1395 0.6073 -0.2573 0.061414 0.052535 -0.601203 0.794999
1787715958.560606 -1.1736 0.5899 -0.2604 0.061964 0.047105 -0.598784 0.797119
1787715958.669545 -1.2078 0.5688 -0.2656 0.062874 0.041059 -0.599002 0.797219
1787715958.760694 -1.2446 0.5466 -0.2742 0.061136 0.038015 -0.594658 0.800749
1787715958.856752 -1.2805 0.5260 -0.2843 0.067912 0.036292 -0.591324 0.802750
1787715958.964824 -1.3171 0.5025 -0.2914 0.076992 0.037054 -0.586015 0.805783
1787715959.065608 -1.3471 0.4781 -0.2955 0.078126 0.040758 -0.574061 0.814057
1787715959.177122 -1.3710 0.4543 -0.2997 0.074427 0.039431 -0.556805 0.826362
1787715959.257158 -1.3907 0.4305 -0.3041 0.076089 0.032171 -0.538807 0.838369
1787715959.367691 -1.4127 0.4067 -0.3069 0.074269 0.026386 -0.521831 0.849400
1787715959.458764 -1.4371 0.3826 -0.3091 0.073390 0.029558 -0.502121 0.861171
1787715959.560082 -1.4610 0.3527 -0.3112 0.075837 0.032471 -0.478295 0.874316
1787715959.692457 -1.4806 0.3155 -0.3151 0.078477 0.029137 -0.447629 0.890292
1787715959.767883 -1.4945 0.2707 -0.3230 0.079217 0.025811 -0.404953 0.910534
1787715959.856076 -1.5041 0.2240 -0.3315 0.079386 0.018759 -0.361960 0.928618
1787715959.963331 -1.5119 0.1781 -0.3386 0.079807 0.005000 -0.315996 0.945385
1787715960.060399 -1.5166 0.1421 -0.3422 0.086422 0.000674 -0.280920 0.955832
1787715960.173929 -1.5232 0.1041 -0.3456 0.084462 0.009392 -0.249536 0.964629
1787715960.272368 -1.5267 0.0663 -0.3502 0.071863 0.014845 -0.226367 0.971274
1787715960.357503 -1.5297 0.0330 -0.3529 0.075056 0.015256 -0.203841 0.976003
1787715960.480848 -1.5294 -0.0039 -0.3572 0.080590 0.016565 -0.180393 0.980148
1787715960.556379 -1.5243 -0.0446 -0.3631 0.085140 0.016151 -0.161720 0.983024
1787715960.666205 -1.5127 -0.0876 -0.3714 0.091088 0.016355 -0.144823 0.985120
1787715960.779188 -1.4992 -0.1287 -0.3818 0.089014 0.017956 -0.123843 0.988138
1787715960.884212 -1.4796 -0.1690 -0.3901 0.096031 0.019478 -0.094911 0.990652
1787715960.978501 -1.4537 -0.2087 -0.3970 0.101619 0.018226 -0.066669 0.992420
1787715961.059829 -1.4278 -0.2414 -0.4012 0.100572 0.016381 -0.037615 0.994084
1787715961.161870 -1.3999 -0.2742 -0.4056 0.093736 0.015713 0.003398 0.995467
1787715961.265713 -1.3686 -0.3049 -0.4091 0.092603 0.009062 0.046661 0.994568
1787715961.367750 -1.3355 -0.3364 -0.4145 0.089488 -0.000698 0.096304 0.991321
1787715961.484457 -1.2972 -0.3689 -0.4198 0.090708 -0.009720 0.145637 0.985123
1787715961.571182 -1.2606 -0.3962 -0.4233 0.099525 -0.013881 0.185681 0.977458
1787715961.663426 -1.2192 -0.4274 -0.4280 0.105314 -0.019331 0.231153 0.967007
1787715961.778898 -1.1808 -0.4594 -0.4349 0.097882 -0.015766 0.274287 0.956523
1787715961.879490 -1.1434 -0.4900 -0.4404 0.097570 -0.010606 0.305718 0.947050
1787715961.985017 -1.1102 -0.5179 -0.4411 0.094923 -0.003441 0.332299 0.938379
1787715962.068529 -1.0770 -0.5438 -0.4422 0.074988 -0.005166 0.356736 0.931176
1787715962.174895 -1.0473 -0.5583 -0.4430 0.066165 -0.013859 0.377475 0.923549
1787715962.287355 -1.0219 -0.5652 -0.4420 0.065405 -0.011923 0.402452 0.913024
1787715962.387913 -0.9934 -0.5637 -0.4412 0.066498 -0.017808 0.424809 0.902662
1787715962.473020 -0.9621 -0.5575 -0.4395 0.069050 -0.022651 0.447766 0.891193
1787715962.571931 -0.9285 -0.5464 -0.4362 0.071297 -0.022476 0.472510 0.878149
1787715962.693974 -0.8927 -0.5301 -0.4319 0.078108 -0.020795 0.498178 0.863299
1787715962.782602 -0.8526 -0.5094 -0.4297 0.078236 -0.023683 0.528397 0.845053
1787715962.867786 -0.8119 -0.4862 -0.4275 0.077832 -0.023342 0.562015 0.823126
1787715962.970305 -0.7716 -0.4599 -0.4256 0.071755 -0.021232 0.593954 0.801012
1787715963.058673 -0.7308 -0.4286 -0.4217 0.066510 -0.020731 0.625686 0.776958
1787715963.184866 -0.6970 -0.3979 -0.4157 0.066566 -0.021981 0.653090 0.754029
1787715963.290978 -0.6663 -0.3682 -0.4112 0.059564 -0.026962 0.680285 0.730026
1787715963.365029 -0.6384 -0.3415 -0.4073 0.056189 -0.025733 0.708324 0.703177
1787715963.470105 -0.6085 -0.3128 -0.4038 0.051863 -0.025982 0.733027 0.677722
1787715963.568745 -0.5792 -0.2815 -0.4009 0.049760 -0.031081 0.755420 0.652609
1787715963.662788 -0.5492 -0.2490 -0.3954 0.052368 -0.029762 0.772886 0.631679
1787715963.766785 -0.5175 -0.2172 -0.3869 0.049843 -0.027455 0.789464 0.611154
1787715963.867570 -0.4829 -0.1850 -0.3800 0.034738 -0.029856 0.805088 0.591384
1787715963.967295 -0.4506 -0.1536 -0.3757 0.024595 -0.031914 0.816056 0.576567
1787715964.083858 -0.4169 -0.1239 -0.3669 0.018146 -0.019185 0.829781 0.557464
1787715964.211530 -0.3958 -0.0943 -0.3609 0.009736 -0.026617 0.840644 0.540847
1787715964.332628 -0.3830 -0.0618 -0.3556 0.014806 -0.034642 0.851866 0.522404
1787715964.391349 -0.3759 -0.0284 -0.3498 0.018534 -0.033954 0.865516 0.499384
1787715964.464491 -0.3728 0.0076 -0.3431 0.016582 -0.034987 0.878131 0.476851
1787715964.566548 -0.3720 0.0461 -0.3355 0.011253 -0.037638 0.890003 0.454260
1787715964.675285 -0.3753 0.0880 -0.3271 0.007541 -0.041404 0.900560 0.432690
1787715964.774731 -0.3826 0.1321 -0.3197 0.010343 -0.047527 0.907344 0.417565
1787715964.874417 -0.3908 0.1752 -0.3139 0.007388 -0.050067 0.914545 0.401305
1787715964.981805 -0.4024 0.2183 -0.3084 0.008348 -0.047123 0.922350 0.383381
1787715965.074785 -0.4174 0.2665 -0.3037 0.009343 -0.047419 0.930539 0.362990
1787715965.159530 -0.4335 0.3077 -0.2988 0.011389 -0.043283 0.937753 0.344408
1787715965.274900 -0.4479 0.3481 -0.2956 0.010317 -0.045835 0.945792 0.321358
1787715965.374269 -0.4593 0.3864 -0.2921 0.011890 -0.045017 0.954779 0.293649
1787715965.461085 -0.4695 0.4252 -0.2881 0.012979 -0.041730 0.962009 0.269498
1787715965.574006 -0.4780 0.4654 -0.2808 0.011952 -0.040942 0.968196 0.246529
1787715965.669127 -0.4841 0.5071 -0.2702 0.009387 -0.044749 0.972634 0.227800
1787715965.783534 -0.4883 0.5535 -0.2560 0.014131 -0.050998 0.974738 0.216991
1787715965.868834 -0.4880 0.5993 -0.2389 0.022687 -0.049764 0.975809 0.211673
1787715965.964881 -0.4807 0.6477 -0.2242 0.021139 -0.045964 0.976373 0.210088
1787715966.053721 -0.4708 0.7031 -0.2176 0.019373 -0.056757 0.973762 0.219524
1787715966.202018 -0.4550 0.7456 -0.2081 0.014653 -0.048979 0.971224 0.232617
1787715966.299140 -0.4375 0.7843 -0.2024 0.016386 -0.066883 0.964560 0.254721
1787715966.367054 -0.4194 0.8087 -0.1974 0.030877 -0.072453 0.956928 0.279437
1787715966.472448 -0.3951 0.8249 -0.1920 0.035102 -0.067239 0.946852 0.312599
1787715966.562557 -0.3690 0.8401 -0.1874 0.032620 -0.067726 0.932473 0.353331
1787715966.657643 -0.3412 0.8553 -0.1808 0.032313 -0.065284 0.915519 0.395624
1787715966.788494 -0.3126 0.8745 -0.1751 0.034468 -0.063368 0.894462 0.441287
1787715966.890268 -0.2833 0.8924 -0.1724 0.034273 -0.063198 0.868483 0.490479
1787715967.004330 -0.2531 0.9055 -0.1730 0.034523 -0.065444 0.841261 0.535543
1787715967.106115 -0.2316 0.9088 -0.1735 0.041534 -0.059424 0.817273 0.571672
1787715967.195599 -0.2091 0.9097 -0.1739 0.049179 -0.061464 0.787617 0.611116
1787715967.305018 -0.1859 0.9033 -0.1768 0.051317 -0.067487 0.758389 0.646265
1787715967.466583 -0.1654 0.8916 -0.1784 0.062445 -0.066903 0.720780 0.687095
1787715967.604284 -0.1455 0.8717 -0.1788 0.066150 -0.069761 0.678254 0.728511
1787715967.741968 -0.1244 0.8440 -0.1807 0.065912 -0.071332 0.634272 0.766985
1787715967.891922 -0.1026 0.8091 -0.1844 0.068260 -0.065260 0.593663 0.799153
1787715968.031950 -0.0792 0.7715 -0.1894 0.074807 -0.055477 0.557408 0.824999
1787715968.183195 -0.0530 0.7340 -0.1973 0.076895 -0.052359 0.523619 0.846858
1787715968.354677 -0.0282 0.6955 -0.2055 0.086672 -0.050023 0.484682 0.868947
1787715968.500690 -0.0074 0.6593 -0.2160 0.087902 -0.049867 0.451012 0.886778
1787715968.592100 0.0022 0.6185 -0.2232 0.093644 -0.048361 0.417603 0.902496
1787715968.689691 0.0050 0.5823 -0.2308 0.096747 -0.053399 0.376930 0.919626
1787715968.837377 0.0009 0.5485 -0.2367 0.103223 -0.048513 0.327976 0.937776
1787715968.997690 -0.0047 0.5170 -0.2415 0.105439 -0.048259 0.269478 0.956000
1787715969.100688 -0.0139 0.4880 -0.2442 0.103596 -0.044136 0.208775 0.971459
1787715969.242239 -0.0246 0.4609 -0.2463 0.100598 -0.043689 0.145289 0.983292
1787715969.338677 -0.0350 0.4383 -0.2467 0.099333 -0.044405 0.074751 0.991248
1787715969.402247 -0.0432 0.4178 -0.2467 0.097452 -0.041656 0.004154 0.994359
1787715969.462576 -0.0467 0.3995 -0.2491 0.094965 -0.037961 -0.066038 0.992562
1787715969.525408 -0.0469 0.3852 -0.2545 0.085743 -0.028243 -0.120797 0.988564
1787715969.589358 -0.0445 0.3785 -0.2592 0.088954 -0.025939 -0.173349 0.980492
1787715969.649386 -0.0439 0.3776 -0.2599 0.092700 -0.021480 -0.218823 0.971114
1787715969.701226 -0.0426 0.3814 -0.2573 0.090588 -0.020175 -0.262741 0.960393
1787715969.767993 -0.0435 0.3867 -0.2545 0.085789 -0.025771 -0.303480 0.948618
1787715969.836363 -0.0499 0.3948 -0.2525 0.078173 -0.026793 -0.347025 0.934208
1787715969.895567 -0.0617 0.4051 -0.2503 0.072894 -0.021419 -0.389489 0.917892
1787715969.963057 -0.0745 0.4173 -0.2478 0.069835 -0.012374 -0.427211 0.901366
1787715970.054285 -0.0811 0.4287 -0.2456 0.067959 -0.014082 -0.452562 0.889028
1787715970.123582 -0.0862 0.4399 -0.2455 0.069560 -0.019195 -0.476538 0.876188
1787715970.201254 -0.0919 0.4479 -0.2463 0.074156 -0.019818 -0.488990 0.868906
1787715970.277788 -0.0994 0.4547 -0.2468 0.078637 -0.017624 -0.498359 0.863217
1787715970.353650 -0.1088 0.4598 -0.2473 0.078937 -0.013620 -0.501527 0.861426
1787715970.425294 -0.1140 0.4639 -0.2471 0.077751 -0.010621 -0.501771 0.861433
1787715970.534715 -0.1176 0.4681 -0.2462 0.082421 -0.005178 -0.498579 0.862901
1787715970.614899 -0.1212 0.4687 -0.2467 0.083248 -0.004282 -0.495755 0.864453
1787715970.693607 -0.1264 0.4699 -0.2479 0.084199 -0.003635 -0.491925 0.866549
1787715970.758263 -0.1312 0.4739 -0.2486 0.087177 -0.003373 -0.486132 0.869520
1787715970.856120 -0.1347 0.4771 -0.2482 0.088522 -0.005305 -0.480683 0.872399
1787715970.977199 -0.1381 0.4794 -0.2477 0.086804 -0.005522 -0.475230 0.875552
1787715971.084024 -0.1414 0.4806 -0.2469 0.088180 -0.005720 -0.470384 0.878027
1787715971.172810 -0.1431 0.4825 -0.2463 0.087555 -0.003858 -0.468043 0.879349
1787715971.294827 -0.1456 0.4850 -0.2445 0.088977 -0.000639 -0.466559 0.880003
1787715971.409893 -0.1475 0.4858 -0.2435 0.085081 -0.001093 -0.465249 0.881081
1787715971.491935 -0.1492 0.4867 -0.2435 0.086266 -0.002645 -0.464869 0.881163
1787715971.567238 -0.1501 0.4890 -0.2434 0.087586 -0.001968 -0.465572 0.880663
1787715971.675138 -0.1517 0.4907 -0.2427 0.087201 0.000503 -0.466486 0.880220
1787715971.782683 -0.1520 0.4913 -0.2427 0.087073 0.001291 -0.466855 0.880036
1787715971.879709 -0.1513 0.4912 -0.2430 0.088224 0.000901 -0.466381 0.880173
1787715971.977889 -0.1497 0.4914 -0.2436 0.089574 0.000437 -0.465849 0.880319
1787715972.068968 -0.1491 0.4914 -0.2440 0.090650 -0.000304 -0.465450 0.880420
1787715972.287905 -0.1471 0.4914 -0.2439 0.089348 -0.000538 -0.465508 0.880522
1787715972.388434 -0.1462 0.4921 -0.2435 0.088919 -0.000552 -0.465073 0.880795
1787715972.506506 -0.1452 0.4929 -0.2429 0.087265 -0.000185 -0.463813 0.881625
1787715972.561490 -0.1440 0.4942 -0.2421 0.086900 0.000286 -0.463636 0.881754
1787715972.625144 -0.1439 0.4953 -0.2415 0.086939 0.000533 -0.464232 0.881436
1787715972.693875 -0.1444 0.4964 -0.2408 0.086754 0.000633 -0.464819 0.881145
1787715972.778735 -0.1458 0.4976 -0.2405 0.087065 0.001478 -0.465434 0.880789
1787715972.877602 -0.1469 0.4989 -0.2401 0.087447 0.002138 -0.464835 0.881066
1787715972.977594 -0.1473 0.4992 -0.2392 0.087003 0.003814 -0.462678 0.882239
1787715973.067423 -0.1488 0.4975 -0.2370 0.085482 0.004980 -0.459211 0.884191
1787715973.173409 -0.1493 0.4957 -0.2361 0.081782 0.005171 -0.455600 0.886405
1787715973.287416 -0.1480 0.4939 -0.2361 0.081290 0.002866 -0.451875 0.888365
1787715973.373816 -0.1463 0.4927 -0.2367 0.082670 0.001125 -0.449505 0.889443
1787715973.481358 -0.1456 0.4923 -0.2365 0.082627 -0.000367 -0.448017 0.890199
1787715973.607227 -0.1451 0.4928 -0.2368 0.082432 -0.000174 -0.447331 0.890562
1787715973.669904 -0.1446 0.4946 -0.2366 0.082755 0.000400 -0.447397 0.890498
1787715973.768818 -0.1438 0.4956 -0.2364 0.082185 0.000375 -0.447374 0.890563
1787715973.868381 -0.1437 0.4965 -0.2357 0.082186 0.001141 -0.447601 0.890448
1787715973.971949 -0.1436 0.4980 -0.2351 0.082043 0.001870 -0.447730 0.890395
1787715974.085919 -0.1429 0.4986 -0.2344 0.083027 0.001595 -0.447939 0.890199
1787715974.171632 -0.1421 0.4984 -0.2347 0.082727 0.001792 -0.447730 0.890332
1787715974.288141 -0.1413 0.4988 -0.2353 0.083978 0.001593 -0.447625 0.890268
1787715974.373199 -0.1401 0.4990 -0.2359 0.085203 0.000799 -0.446918 0.890508
1787715974.462672 -0.1393 0.4994 -0.2367 0.085992 0.000024 -0.446578 0.890603
1787715974.575698 -0.1385 0.4994 -0.2371 0.086122 0.000209 -0.445993 0.890883
1787715974.668316 -0.1390 0.4988 -0.2372 0.086030 -0.000114 -0.445681 0.891049
1787715974.762623 -0.1389 0.4990 -0.2376 0.085790 -0.000141 -0.446015 0.890904
1787715974.866237 -0.1396 0.4988 -0.2375 0.086184 -0.000596 -0.446174 0.890786
1787715974.974472 -0.1406 0.4981 -0.2377 0.085837 -0.000795 -0.446205 0.890805
1787715975.077287 -0.1413 0.4979 -0.2375 0.085717 -0.001961 -0.445607 0.891114
1787715975.160196 -0.1418 0.4979 -0.2382 0.085369 -0.001439 -0.446046 0.890928
1787715975.282438 -0.1417 0.4976 -0.2384 0.085372 -0.001018 -0.445651 0.891126
1787715975.371298 -0.1416 0.4969 -0.2380 0.085094 0.000019 -0.445474 0.891242
1787715975.457470 -0.1416 0.4961 -0.2377 0.084501 0.000974 -0.445486 0.891292
1787715975.579166 -0.1419 0.4957 -0.2372 0.083485 0.001425 -0.445442 0.891409
1787715975.658664 -0.1424 0.4947 -0.2364 0.082707 0.001696 -0.445442 0.891481
1787715975.791344 -0.1423 0.4937 -0.2361 0.082123 0.001701 -0.445303 0.891604
1787715975.878401 -0.1421 0.4925 -0.2363 0.081680 0.001154 -0.444399 0.892097
1787715975.978466 -0.1416 0.4913 -0.2363 0.081249 0.000574 -0.443408 0.892630
1787715976.057977 -0.1416 0.4905 -0.2355 0.081132 0.000884 -0.442583 0.893049
1787715976.175992 -0.1413 0.4899 -0.2350 0.080060 0.002491 -0.441329 0.893763
1787715976.295266 -0.1420 0.4879 -0.2344 0.077931 0.004690 -0.439470 0.894858
1787715976.366614 -0.1426 0.4871 -0.2332 0.074936 0.007191 -0.437882 0.895875
1787715976.482671 -0.1424 0.4850 -0.2330 0.072453 0.007644 -0.436639 0.896682
1787715976.580316 -0.1426 0.4833 -0.2335 0.072632 0.006706 -0.435181 0.897383
1787715976.669137 -0.1422 0.4815 -0.2339 0.072245 0.006156 -0.432754 0.898592
1787715976.764753 -0.1429 0.4781 -0.2332 0.069803 0.008687 -0.428554 0.900774
1787715976.884779 -0.1458 0.4742 -0.2307 0.061340 0.019515 -0.425602 0.902618
1787715976.982354 -0.1489 0.4700 -0.2271 0.048432 0.027826 -0.423923 0.903974
1787715977.057386 -0.1495 0.4685 -0.2253 0.045539 0.028204 -0.423338 0.904387
1787715977.189575 -0.1487 0.4674 -0.2261 0.049727 0.025964 -0.423284 0.904259
1787715977.279637 -0.1468 0.4671 -0.2273 0.054834 0.025325 -0.422122 0.904525
1787715977.365297 -0.1466 0.4673 -0.2280 0.058718 0.025020 -0.420480 0.905054
1787715977.495965 -0.1460 0.4668 -0.2283 0.058358 0.025294 -0.421174 0.904747
1787715977.570197 -0.1454 0.4705 -0.2289 0.057470 0.023900 -0.426220 0.902476
1787715977.678306 -0.1431 0.4809 -0.2315 0.076739 0.023285 -0.431316 0.898630
1787715977.768231 -0.1395 0.4944 -0.2334 0.106704 0.015931 -0.427476 0.897566
1787715977.874716 -0.1399 0.4990 -0.2326 0.110745 0.013017 -0.422869 0.899304
1787715977.984637 -0.1437 0.4953 -0.2270 0.088792 0.023382 -0.425515 0.900281
1787715978.066347 -0.1493 0.4928 -0.2231 0.074812 0.027170 -0.432740 0.897999
1787715978.182937 -0.1501 0.4964 -0.2233 0.077081 0.026656 -0.437880 0.895326
1787715978.273203 -0.1486 0.5003 -0.2269 0.090517 0.026215 -0.434940 0.895515
1787715978.372655 -0.1428 0.5013 -0.2309 0.106196 0.020786 -0.426691 0.897901
1787715978.504323 -0.1327 0.5013 -0.2344 0.116719 0.011383 -0.416075 0.901737
1787715978.578640 -0.1258 0.5014 -0.2364 0.123829 0.003737 -0.408051 0.904515
1787715978.680963 -0.1221 0.5031 -0.2382 0.130173 0.002199 -0.404348 0.905291
1787715978.768273 -0.1242 0.5070 -0.2389 0.134808 0.005889 -0.406547 0.903610
1787715978.865992 -0.1276 0.5100 -0.2373 0.132325 0.012179 -0.409843 0.902425
1787715978.964540 -0.1307 0.5090 -0.2344 0.123381 0.016920 -0.412471 0.902418
1787715979.056775 -0.1331 0.5060 -0.2309 0.114208 0.016573 -0.413761 0.903041
1787715979.176334 -0.1334 0.5046 -0.2300 0.104498 0.016155 -0.414456 0.903906
1787715979.259829 -0.1313 0.5055 -0.2318 0.101803 0.013483 -0.411535 0.905590
1787715979.374448 -0.1268 0.5061 -0.2349 0.104259 0.010771 -0.404523 0.908502
1787715979.465724 -0.1200 0.5057 -0.2378 0.106123 0.002373 -0.399885 0.910398
1787715979.567261 -0.1157 0.5053 -0.2391 0.106658 -0.001910 -0.399922 0.910320
1787715979.664229 -0.1160 0.5037 -0.2395 0.106334 -0.000440 -0.399241 0.910659
1787715979.773398 -0.1169 0.4985 -0.2393 0.099065 -0.002321 -0.396473 0.912683
1787715979.878929 -0.1151 0.4938 -0.2386 0.094903 -0.006346 -0.391167 0.915392
1787715979.958899 -0.1147 0.4916 -0.2389 0.098185 -0.006605 -0.385432 0.917474
1787715980.055201 -0.1145 0.4909 -0.2381 0.101640 -0.007637 -0.381291 0.918819
1787715980.153200 -0.1156 0.4902 -0.2378 0.101805 -0.006070 -0.379447 0.919575
1787715980.279997 -0.1179 0.4897 -0.2371 0.098008 -0.003541 -0.381065 0.919332
1787715980.368926 -0.1213 0.4890 -0.2360 0.092735 0.000053 -0.384979 0.918255
1787715980.472524 -0.1255 0.4894 -0.2346 0.089366 0.005055 -0.388740 0.916989
1787715980.569439 -0.1293 0.4902 -0.2339 0.086721 0.007306 -0.391257 0.916157
1787715980.671675 -0.1311 0.4899 -0.2334 0.085077 0.007589 -0.392367 0.915834
1787715980.801725 -0.1315 0.4887 -0.2329 0.083900 0.005293 -0.393692 0.915390
1787715980.877671 -0.1322 0.4876 -0.2326 0.084279 0.006138 -0.394083 0.915182
1787715980.956991 -0.1326 0.4861 -0.2317 0.082883 0.006933 -0.394575 0.915092
1787715981.060559 -0.1311 0.4851 -0.2298 0.080431 0.005812 -0.394713 0.915259
1787715981.164036 -0.1304 0.4846 -0.2289 0.079591 0.007469 -0.395618 0.914929
1787715981.274425 -0.1302 0.4840 -0.2287 0.080138 0.010933 -0.395571 0.914867
1787715981.384518 -0.1295 0.4826 -0.2292 0.078289 0.010395 -0.395877 0.914901
1787715981.463906 -0.1275 0.4816 -0.2298 0.078543 0.008157 -0.395100 0.915238
1787715981.558827 -0.1265 0.4824 -0.2307 0.080283 0.006763 -0.394916 0.915178
1787715981.661360 -0.1251 0.4830 -0.2319 0.080827 0.004471 -0.394725 0.915226
1787715981.773422 -0.1246 0.4826 -0.2326 0.080631 0.003196 -0.394660 0.915277
1787715981.855126 -0.1235 0.4823 -0.2321 0.080079 0.003301 -0.394219 0.915515
1787715981.970939 -0.1224 0.4820 -0.2313 0.079983 0.003222 -0.393621 0.915781
1787715982.074500 -0.1204 0.4830 -0.2301 0.080762 0.002952 -0.392442 0.916219
1787715982.192186 -0.1204 0.4835 -0.2306 0.080742 0.003519 -0.393053 0.915957
1787715982.277674 -0.1204 0.4832 -0.2313 0.079347 0.002691 -0.393753 0.915781
1787715982.369690 -0.1205 0.4829 -0.2319 0.079798 0.002361 -0.393970 0.915650
1787715982.466922 -0.1206 0.4831 -0.2325 0.081118 0.002710 -0.394981 0.915097
1787715982.564358 -0.1212 0.4833 -0.2319 0.080068 0.002345 -0.395426 0.914998
1787715982.679172 -0.1221 0.4826 -0.2311 0.078532 0.001621 -0.395927 0.914917
1787715982.764807 -0.1221 0.4820 -0.2311 0.078415 0.001933 -0.396045 0.914875
1787715982.859194 -0.1267 0.4853 -0.2276 0.079926 0.006801 -0.397505 0.914087
1787715982.995514 -0.1295 0.4855 -0.2266 0.080021 0.010692 -0.397914 0.913864
1787715983.097797 -0.1298 0.4859 -0.2261 0.082411 0.018235 -0.396439 0.914173
1787715983.170607 -0.1309 0.4867 -0.2270 0.088574 0.023141 -0.396507 0.913456
1787715983.291786 -0.1321 0.4891 -0.2283 0.096838 0.019290 -0.402195 0.910214
1787715983.371885 -0.1332 0.4950 -0.2293 0.107306 0.014962 -0.411266 0.905053
1787715983.474027 -0.1347 0.5023 -0.2305 0.115312 0.010473 -0.423349 0.898537
1787715983.574020 -0.1350 0.5076 -0.2317 0.120364 0.009141 -0.428237 0.895568
1787715983.673765 -0.1330 0.5083 -0.2325 0.121826 0.005401 -0.426882 0.896048
1787715983.767555 -0.1286 0.5049 -0.2332 0.118816 -0.003111 -0.422887 0.898354
1787715983.854439 -0.1271 0.5014 -0.2335 0.115694 -0.007667 -0.421693 0.899295
1787715983.955680 -0.1273 0.5002 -0.2335 0.115679 -0.006901 -0.422207 0.899062
1787715984.061262 -0.1277 0.5011 -0.2324 0.118303 -0.005285 -0.422602 0.898545
1787715984.153847 -0.1274 0.5012 -0.2327 0.117336 -0.006052 -0.422447 0.898740
1787715984.295825 -0.1277 0.4995 -0.2324 0.114945 -0.008145 -0.421363 0.899541
1787715984.411147 -0.1268 0.4977 -0.2325 0.112851 -0.007835 -0.419349 0.900750
1787715984.480426 -0.1256 0.4965 -0.2326 0.112169 -0.008159 -0.417326 0.901771
1787715984.582896 -0.1245 0.4954 -0.2326 0.112149 -0.009816 -0.415566 0.902569
1787715984.672414 -0.1238 0.4959 -0.2328 0.113336 -0.011410 -0.415784 0.902302
