1787674407.655238 0.0136 -0.0170 0.0001 -0.006076 -0.007333 0.028514 0.999548
1787674407.763932 0.0141 -0.0163 0.0004 -0.006046 -0.007166 0.028426 0.999552
1787674407.853926 0.0143 -0.0169 0.0005 -0.006105 -0.007115 0.028515 0.999549
1787674407.941484 0.0143 -0.0169 0.0007 -0.006277 -0.007160 0.028775 0.999541
1787674408.052166 0.0140 -0.0171 0.0005 -0.006222 -0.007053 0.028635 0.999546
1787674408.144719 0.0135 -0.0173 0.0004 -0.006158 -0.007251 0.028528 0.999548
1787674408.259519 0.0133 -0.0176 -0.0002 -0.006044 -0.007349 0.028451 0.999550
1787674408.354650 0.0138 -0.0177 0.0001 -0.005928 -0.007199 0.028388 0.999553
1787674408.546107 0.0140 -0.0173 0.0003 -0.006236 -0.007427 0.028647 0.999543
1787674408.655793 0.0140 -0.0171 0.0004 -0.006122 -0.007203 0.028276 0.999555
1787674408.751402 0.0139 -0.0174 0.0005 -0.005779 -0.007141 0.028376 0.999555
1787674408.847059 0.0138 -0.0174 0.0004 -0.005965 -0.007240 0.028442 0.999551
1787674409.058484 0.0137 -0.0174 0.0008 -0.005958 -0.007302 0.028494 0.999550
1787674409.255294 0.0137 -0.0176 0.0006 -0.006127 -0.007301 0.028338 0.999553
1787674409.584872 0.0148 -0.0171 0.0003 -0.006258 -0.007201 0.028562 0.999546
1787674409.682247 0.0145 -0.0174 0.0005 -0.006100 -0.006892 0.028508 0.999551
1787674409.854893 0.0137 -0.0179 0.0009 -0.006038 -0.007150 0.028519 0.999549
1787674410.151667 0.0128 -0.0178 0.0013 -0.006314 -0.007247 0.028576 0.999545
1787674410.243152 0.0134 -0.0173 0.0007 -0.006206 -0.007175 0.028334 0.999554
1787674410.347179 0.0140 -0.0171 0.0001 -0.006402 -0.007155 0.028471 0.999549
1787674410.445029 0.0145 -0.0171 0.0000 -0.006129 -0.007087 0.028547 0.999549
1787674410.562454 0.0142 -0.0174 0.0004 -0.005882 -0.007136 0.028415 0.999553
1787674410.758083 0.0143 -0.0172 0.0005 -0.006140 -0.007146 0.028327 0.999554
1787674410.945781 0.0140 -0.0173 0.0008 -0.005859 -0.007301 0.028641 0.999546
1787674411.061708 0.0139 -0.0173 0.0007 -0.006005 -0.007195 0.028393 0.999553
1787674411.271856 0.0137 -0.0173 0.0007 -0.006008 -0.007219 0.028554 0.999548
1787674411.356007 0.0137 -0.0174 0.0004 -0.006062 -0.007126 0.028484 0.999550
1787674411.436242 0.0138 -0.0174 0.0003 -0.006094 -0.007043 0.028503 0.999550
1787674411.564946 0.0142 -0.0169 0.0005 -0.006179 -0.007225 0.028487 0.999549
1787674411.650443 0.0141 -0.0172 0.0007 -0.005821 -0.007384 0.028289 0.999556
1787674411.753828 0.0136 -0.0173 0.0007 -0.006115 -0.007060 0.028691 0.999545
1787674411.851300 0.0134 -0.0172 0.0007 -0.006058 -0.007187 0.028485 0.999550
1787674412.056241 0.0135 -0.0170 0.0004 -0.005960 -0.007067 0.028619 0.999548
1787674412.263681 0.0141 -0.0171 0.0003 -0.006210 -0.007208 0.028621 0.999545
1787674412.360802 0.0139 -0.0177 0.0003 -0.005977 -0.007277 0.028554 0.999548
1787674412.447999 0.0137 -0.0179 0.0006 -0.005907 -0.007015 0.028647 0.999548
1787674412.550652 0.0138 -0.0175 0.0005 -0.006031 -0.007151 0.028626 0.999546
1787674412.648890 0.0139 -0.0171 0.0006 -0.006034 -0.007328 0.028540 0.999548
1787674412.747526 0.0134 -0.0171 0.0006 -0.006142 -0.007047 0.028598 0.999547
1787674412.852420 0.0133 -0.0173 0.0006 -0.005988 -0.007200 0.028263 0.999557
1787674412.966308 0.0135 -0.0173 0.0006 -0.006282 -0.007351 0.028725 0.999541
1787674413.057466 0.0139 -0.0174 0.0006 -0.006053 -0.007143 0.028348 0.999554
1787674413.260736 0.0146 -0.0177 0.0006 -0.006060 -0.007007 0.028467 0.999552
1787674413.553424 0.0149 -0.0174 0.0006 -0.006265 -0.007118 0.028669 0.999544
1787674413.654595 0.0141 -0.0173 0.0006 -0.006085 -0.007052 0.028711 0.999544
1787674413.749714 0.0133 -0.0172 0.0004 -0.006180 -0.007196 0.028530 0.999548
1787674413.945409 0.0130 -0.0175 0.0003 -0.005997 -0.007206 0.028356 0.999554
1787674414.067539 0.0130 -0.0171 0.0006 -0.006021 -0.007243 0.028778 0.999541
1787674414.260594 0.0139 -0.0178 0.0009 -0.005883 -0.007297 0.028485 0.999550
1787674414.483979 0.0149 -0.0173 0.0010 -0.006177 -0.007430 0.028492 0.999547
1787674414.560369 0.0148 -0.0172 0.0006 -0.006154 -0.007226 0.028492 0.999549
1787674414.653292 0.0144 -0.0178 0.0004 -0.005955 -0.007081 0.028418 0.999553
1787674414.763857 0.0138 -0.0174 0.0002 -0.006121 -0.007206 0.028441 0.999551
1787674415.151608 0.0120 -0.0173 -0.0002 -0.006236 -0.007193 0.028650 0.999544
1787674415.660094 0.0115 -0.0183 -0.0001 -0.006433 -0.007068 0.028753 0.999541
1787674415.781899 0.0137 -0.0180 0.0006 -0.005848 -0.007263 0.028557 0.999549
1787674415.865938 0.0151 -0.0174 0.0008 -0.006340 -0.007296 0.028447 0.999549
1787674416.063051 0.0161 -0.0168 0.0005 -0.005906 -0.006953 0.028604 0.999549
1787674416.269403 0.0154 -0.0174 0.0008 -0.005926 -0.007103 0.028547 0.999550
1787674416.359744 0.0139 -0.0174 0.0003 -0.006262 -0.006857 0.028432 0.999553
1787674416.458604 0.0132 -0.0170 0.0003 -0.006005 -0.007158 0.028552 0.999549
1787674416.542048 0.0133 -0.0171 0.0003 -0.006028 -0.007062 0.028339 0.999555
1787674416.654274 0.0135 -0.0170 0.0004 -0.006085 -0.007023 0.028200 0.999559
1787674416.754819 0.0137 -0.0168 0.0005 -0.006134 -0.006976 0.028523 0.999550
1787674416.953300 0.0139 -0.0169 0.0005 -0.006149 -0.007113 0.028607 0.999547
1787674417.071969 0.0139 -0.0168 0.0004 -0.006128 -0.007127 0.028558 0.999548
1787674417.152989 0.0141 -0.0170 0.0006 -0.006011 -0.007382 0.028316 0.999554
1787674417.263871 0.0138 -0.0168 0.0002 -0.006194 -0.007182 0.028504 0.999549
1787674417.369313 0.0137 -0.0170 0.0004 -0.006125 -0.007067 0.028456 0.999551
1787674417.464308 0.0141 -0.0173 0.0006 -0.006089 -0.007077 0.028501 0.999550
1787674417.560050 0.0143 -0.0174 0.0006 -0.006065 -0.006982 0.028518 0.999550
1787674417.659447 0.0142 -0.0173 0.0005 -0.006212 -0.007185 0.028392 0.999552
1787674417.754072 0.0140 -0.0175 0.0004 -0.006112 -0.007077 0.028574 0.999548
1787674417.855778 0.0137 -0.0174 0.0000 -0.006235 -0.007161 0.028483 0.999549
1787674417.938530 0.0135 -0.0171 0.0002 -0.006097 -0.007143 0.028783 0.999542
1787674418.050803 0.0135 -0.0174 0.0003 -0.006091 -0.007117 0.028620 0.999546
1787674418.144991 0.0139 -0.0172 0.0002 -0.006139 -0.007199 0.028480 0.999550
1787674418.242723 0.0138 -0.0172 -0.0001 -0.006249 -0.006841 0.028563 0.999549
1787674418.353811 0.0138 -0.0169 -0.0001 -0.006245 -0.007030 0.028403 0.999552
1787674418.565870 0.0130 -0.0173 0.0001 -0.006113 -0.007311 0.028521 0.999548
1787674418.656518 0.0135 -0.0173 0.0001 -0.006017 -0.007069 0.028428 0.999553
1787674418.748555 0.0140 -0.0171 0.0001 -0.006047 -0.007360 0.028574 0.999546
1787674418.856196 0.0140 -0.0168 0.0002 -0.006299 -0.006937 0.028498 0.999550
1787674419.043711 0.0145 -0.0171 0.0003 -0.006191 -0.007074 0.028586 0.999547
1787674419.263977 0.0139 -0.0174 0.0001 -0.006100 -0.007083 0.028491 0.999550
1787674419.455094 0.0138 -0.0178 0.0000 -0.005986 -0.007010 0.028442 0.999553
1787674419.564209 0.0137 -0.0179 -0.0001 -0.006028 -0.007211 0.028469 0.999550
1787674419.750808 0.0142 -0.0175 0.0005 -0.005990 -0.007100 0.028452 0.999552
1787674419.943425 0.0154 -0.0168 0.0007 -0.006164 -0.007033 0.028516 0.999550
1787674420.163965 0.0149 -0.0169 0.0006 -0.006065 -0.007139 0.028717 0.999544
1787674420.264572 0.0135 -0.0173 0.0005 -0.006036 -0.007146 0.028520 0.999549
1787674420.350379 0.0127 -0.0177 0.0003 -0.006146 -0.007064 0.028467 0.999551
1787674420.451306 0.0128 -0.0178 0.0002 -0.005950 -0.007292 0.028607 0.999546
1787674420.565156 0.0136 -0.0175 0.0000 -0.006045 -0.007154 0.028563 0.999548
1787674420.642451 0.0140 -0.0168 0.0001 -0.006260 -0.007108 0.028599 0.999546
1787674420.779190 0.0141 -0.0166 0.0002 -0.006209 -0.007207 0.028465 0.999550
1787674420.855217 0.0142 -0.0163 -0.0001 -0.006285 -0.007265 0.028606 0.999545
1787674420.944253 0.0146 -0.0160 0.0001 -0.006476 -0.007192 0.028554 0.999545
1787674421.065907 0.0143 -0.0163 0.0003 -0.006228 -0.006963 0.028474 0.999551
1787674421.160177 0.0137 -0.0172 0.0004 -0.006207 -0.007117 0.028504 0.999549
1787674421.353448 0.0130 -0.0179 0.0007 -0.006444 -0.007190 0.028783 0.999539
1787674421.560204 0.0132 -0.0184 0.0006 -0.006136 -0.007160 0.028516 0.999549
1787674421.645985 0.0136 -0.0177 0.0007 -0.006149 -0.007266 0.028523 0.999548
1787674421.745845 0.0144 -0.0171 0.0008 -0.006155 -0.007047 0.028338 0.999555
1787674421.860039 0.0145 -0.0172 0.0005 -0.006072 -0.007234 0.028655 0.999545
1787674422.164367 0.0146 -0.0171 0.0000 -0.006072 -0.007251 0.028765 0.999541
1787674422.363319 0.0145 -0.0172 0.0001 -0.006145 -0.006981 0.028702 0.999545
1787674422.465598 0.0139 -0.0170 0.0001 -0.006394 -0.006993 0.028572 0.999547
1787674422.556406 0.0135 -0.0170 0.0000 -0.006310 -0.007309 0.028383 0.999550
1787674422.660524 0.0133 -0.0171 0.0003 -0.006062 -0.007194 0.028566 0.999548
1787674422.946652 0.0135 -0.0170 0.0003 -0.006439 -0.007366 0.028526 0.999545
1787674423.159950 0.0142 -0.0176 0.0004 -0.006083 -0.007178 0.028590 0.999547
1787674423.266325 0.0141 -0.0174 0.0005 -0.006021 -0.006999 0.028541 0.999550
1787674423.578451 0.0138 -0.0171 0.0009 -0.006183 -0.007236 0.028659 0.999544
1787674423.651533 0.0134 -0.0173 0.0006 -0.005985 -0.007327 0.028466 0.999550
1787674423.748262 0.0133 -0.0172 0.0002 -0.005944 -0.007361 0.028423 0.999551
1787674423.936985 0.0135 -0.0177 0.0000 -0.005998 -0.007205 0.028496 0.999550
1787674424.157412 0.0137 -0.0181 0.0002 -0.005913 -0.007210 0.028529 0.999549
1787674424.259448 0.0142 -0.0173 0.0005 -0.006226 -0.007135 0.028427 0.999551
1787674424.352202 0.0141 -0.0172 0.0005 -0.006230 -0.007116 0.028407 0.999552
1787674424.668920 0.0137 -0.0176 0.0010 -0.005906 -0.007236 0.028648 0.999546
1787674424.779386 0.0131 -0.0172 0.0007 -0.005943 -0.007079 0.028484 0.999552
1787674425.251382 0.0121 -0.0174 -0.0003 -0.006266 -0.007069 0.028780 0.999541
1787674425.356194 0.0135 -0.0174 -0.0000 -0.006080 -0.007041 0.028472 0.999551
1787674425.445512 0.0140 -0.0170 0.0001 -0.006127 -0.007392 0.028424 0.999550
1787674425.654945 0.0148 -0.0170 0.0003 -0.006246 -0.007264 0.028710 0.999542
1787674425.879422 0.0140 -0.0173 0.0002 -0.006277 -0.007045 0.028744 0.999542
1787674425.946856 0.0140 -0.0169 0.0001 -0.006285 -0.007071 0.028457 0.999550
1787674426.144641 0.0137 -0.0165 0.0001 -0.006270 -0.007171 0.028606 0.999545
1787674426.261824 0.0138 -0.0169 0.0003 -0.006321 -0.007061 0.028451 0.999550
1787674426.470186 0.0141 -0.0178 0.0002 -0.006248 -0.007094 0.028494 0.999549
1787674426.657026 0.0143 -0.0177 0.0000 -0.006195 -0.007065 0.028414 0.999552
1787674426.775816 0.0137 -0.0175 0.0001 -0.006070 -0.007142 0.028496 0.999550
1787674426.857082 0.0134 -0.0176 0.0003 -0.005964 -0.007171 0.028590 0.999548
1787674426.946330 0.0133 -0.0170 0.0002 -0.006108 -0.007300 0.028667 0.999544
1787674427.158248 0.0135 -0.0167 0.0006 -0.005909 -0.007206 0.028568 0.999548
1787674427.351591 0.0141 -0.0169 0.0009 -0.006148 -0.007252 0.028586 0.999546
1787674427.445889 0.0146 -0.0176 0.0006 -0.006095 -0.007340 0.028439 0.999550
1787674427.542332 0.0141 -0.0172 0.0005 -0.006248 -0.007023 0.028570 0.999548
1787674427.669012 0.0137 -0.0173 0.0004 -0.006210 -0.006983 0.028515 0.999550
1787674427.944768 0.0131 -0.0178 -0.0002 -0.005910 -0.007240 0.028486 0.999551
1787674428.261882 0.0135 -0.0184 -0.0002 -0.005971 -0.007035 0.028625 0.999548
1787674428.344929 0.0138 -0.0180 -0.0000 -0.006212 -0.007135 0.028595 0.999546
1787674428.544798 0.0137 -0.0171 0.0004 -0.005942 -0.007348 0.028616 0.999546
1787674428.748761 0.0136 -0.0167 0.0004 -0.006213 -0.007245 0.028609 0.999545
1787674428.852285 0.0138 -0.0171 0.0003 -0.006003 -0.007070 0.028759 0.999543
1787674428.939036 0.0142 -0.0176 0.0005 -0.005893 -0.007199 0.028410 0.999553
1787674429.149225 0.0145 -0.0175 0.0006 -0.006058 -0.007192 0.028518 0.999549
1787674429.258590 0.0139 -0.0174 0.0005 -0.006097 -0.007096 0.028580 0.999548
1787674429.455268 0.0132 -0.0169 0.0002 -0.006159 -0.007141 0.028567 0.999547
1787674429.546001 0.0134 -0.0171 0.0001 -0.005998 -0.006991 0.028340 0.999556
1787674429.770025 0.0138 -0.0173 0.0004 -0.006088 -0.007028 0.028574 0.999548
1787674430.050376 0.0142 -0.0180 0.0007 -0.005853 -0.007158 0.028556 0.999549
1787674430.256888 0.0144 -0.0174 0.0007 -0.006270 -0.007309 0.028532 0.999547
1787674430.555559 0.0143 -0.0172 0.0007 -0.005956 -0.007064 0.028606 0.999548
1787674430.774212 0.0134 -0.0167 0.0006 -0.006263 -0.007116 0.028624 0.999545
1787674430.869040 0.0131 -0.0164 0.0004 -0.006159 -0.007063 0.028615 0.999547
1787674431.044585 0.0133 -0.0166 0.0000 -0.006345 -0.006929 0.028610 0.999546
1787674431.152768 0.0138 -0.0170 0.0002 -0.006114 -0.007215 0.028381 0.999552
1787674431.243699 0.0139 -0.0172 0.0004 -0.006152 -0.007146 0.028399 0.999552
1787674431.341446 0.0139 -0.0173 0.0003 -0.006295 -0.007144 0.028425 0.999551
1787674431.656272 0.0140 -0.0175 0.0005 -0.006458 -0.007021 0.028691 0.999543
1787674431.748986 0.0132 -0.0171 0.0005 -0.005915 -0.007342 0.028371 0.999553
1787674432.075414 0.0126 -0.0170 0.0007 -0.006007 -0.007071 0.028719 0.999544
1787674432.262291 0.0133 -0.0169 0.0008 -0.006230 -0.007145 0.028807 0.999540
1787674432.357490 0.0141 -0.0170 0.0006 -0.006103 -0.007169 0.028333 0.999554
1787674432.569180 0.0145 -0.0180 0.0003 -0.005813 -0.007114 0.028689 0.999546
1787674432.756850 0.0144 -0.0177 0.0001 -0.006148 -0.006907 0.028406 0.999554
1787674432.945554 0.0131 -0.0165 0.0004 -0.006459 -0.007214 0.028545 0.999546
1787674433.164929 0.0121 -0.0165 0.0006 -0.005953 -0.007444 0.028445 0.999550
1787674433.282008 0.0130 -0.0171 0.0002 -0.006245 -0.007273 0.028507 0.999548
1787674433.351424 0.0139 -0.0167 0.0003 -0.006188 -0.006820 0.028486 0.999552
1787674433.560928 0.0146 -0.0174 0.0004 -0.005882 -0.007031 0.028494 0.999552
1787674433.878014 0.0149 -0.0178 0.0008 -0.006109 -0.007141 0.028619 0.999546
1787674434.057707 0.0143 -0.0174 0.0005 -0.006022 -0.007114 0.028505 0.999550
1787674434.249778 0.0134 -0.0166 0.0002 -0.006066 -0.007058 0.028617 0.999547
1787674434.380390 0.0139 -0.0161 0.0002 -0.006378 -0.007205 0.028477 0.999548
1787674434.658863 0.0139 -0.0167 0.0006 -0.006034 -0.007260 0.028638 0.999545
1787674434.751471 0.0137 -0.0173 0.0007 -0.006121 -0.007062 0.028681 0.999545
1787674434.853296 0.0137 -0.0173 0.0005 -0.006018 -0.007276 0.028480 0.999550
1787674435.056096 0.0131 -0.0170 0.0005 -0.006194 -0.007261 0.028734 0.999542
1787674435.259978 0.0133 -0.0171 0.0005 -0.005910 -0.007282 0.028542 0.999549
1787674435.562014 0.0138 -0.0176 0.0005 -0.006074 -0.007251 0.028612 0.999546
1787674435.655720 0.0139 -0.0174 0.0004 -0.006118 -0.007063 0.028394 0.999553
1787674435.758891 0.0139 -0.0171 0.0002 -0.006152 -0.007324 0.028485 0.999548
1787674435.861675 0.0141 -0.0172 0.0004 -0.005935 -0.007280 0.028521 0.999549
1787674436.153629 0.0142 -0.0172 0.0004 -0.006159 -0.007182 0.028678 0.999544
1787674436.249338 0.0140 -0.0173 0.0003 -0.006057 -0.006906 0.028627 0.999548
1787674436.352809 0.0137 -0.0173 0.0004 -0.006137 -0.007181 0.028327 0.999554
1787674436.452983 0.0132 -0.0176 0.0004 -0.005987 -0.007320 0.028534 0.999548
1787674436.576530 0.0131 -0.0176 0.0005 -0.005907 -0.007176 0.028673 0.999546
1787674436.861197 0.0131 -0.0175 0.0003 -0.006085 -0.007257 0.028719 0.999543
1787674437.055645 0.0138 -0.0174 0.0003 -0.006017 -0.007027 0.028650 0.999547
1787674437.257903 0.0142 -0.0174 0.0002 -0.006230 -0.006986 0.028679 0.999545
1787674437.365452 0.0139 -0.0172 0.0002 -0.005986 -0.007065 0.028605 0.999548
1787674437.447787 0.0139 -0.0172 0.0001 -0.006230 -0.007085 0.028530 0.999548
1787674437.552519 0.0140 -0.0173 0.0002 -0.005986 -0.006952 0.028563 0.999550
1787674437.751086 0.0135 -0.0176 0.0003 -0.006045 -0.007046 0.028550 0.999549
1787674437.849177 0.0135 -0.0172 0.0004 -0.006058 -0.007004 0.028695 0.999545
1787674437.941869 0.0134 -0.0175 0.0004 -0.005775 -0.007269 0.028374 0.999554
1787674438.049245 0.0137 -0.0174 0.0003 -0.005991 -0.007090 0.028344 0.999555
1787674438.167716 0.0140 -0.0165 0.0004 -0.006127 -0.007206 0.028484 0.999550
1787674438.342676 0.0142 -0.0160 0.0001 -0.005979 -0.007200 0.028346 0.999554
1787674438.870792 0.0139 -0.0162 -0.0001 -0.006110 -0.007085 0.028907 0.999538
1787674438.967156 0.0137 -0.0168 0.0003 -0.006337 -0.007270 0.028623 0.999544
1787674439.047157 0.0140 -0.0178 0.0008 -0.006016 -0.007263 0.028258 0.999556
1787674439.261178 0.0136 -0.0187 0.0012 -0.006190 -0.007231 0.028461 0.999550
1787674439.343780 0.0141 -0.0179 0.0008 -0.005788 -0.007180 0.028401 0.999554
1787674439.457061 0.0139 -0.0173 0.0004 -0.005937 -0.007012 0.028505 0.999551
1787674439.552320 0.0137 -0.0171 0.0002 -0.005897 -0.007146 0.028455 0.999552
1787674439.646366 0.0143 -0.0166 0.0002 -0.006118 -0.007073 0.028429 0.999552
1787674439.870829 0.0137 -0.0163 0.0002 -0.006309 -0.007029 0.028575 0.999547
1787674440.252455 0.0123 -0.0178 0.0002 -0.006178 -0.007082 0.028620 0.999546
1787674440.366268 0.0133 -0.0178 0.0003 -0.006032 -0.007176 0.028438 0.999552
1787674440.460880 0.0136 -0.0175 0.0006 -0.006113 -0.006916 0.028621 0.999548
1787674440.556263 0.0138 -0.0172 0.0005 -0.006002 -0.007100 0.028431 0.999553
1787674440.684322 0.0131 -0.0171 -0.0001 -0.006012 -0.006959 0.028582 0.999549
1787674440.762268 0.0133 -0.0165 0.0001 -0.006201 -0.007138 0.028376 0.999553
1787674440.865627 0.0136 -0.0167 0.0003 -0.005906 -0.007189 0.028546 0.999549
1787674440.941699 0.0138 -0.0174 0.0003 -0.005894 -0.007292 0.028546 0.999549
1787674441.256352 0.0144 -0.0180 0.0005 -0.006214 -0.007056 0.028819 0.999540
1787674441.362736 0.0142 -0.0179 0.0003 -0.005975 -0.006896 0.028414 0.999555
1787674441.572565 0.0135 -0.0169 0.0001 -0.006069 -0.007375 0.028522 0.999548
1787674441.673431 0.0136 -0.0164 0.0004 -0.006079 -0.007188 0.028595 0.999547
1787674441.868500 0.0138 -0.0166 0.0005 -0.005971 -0.007108 0.028508 0.999550
1787674441.949755 0.0139 -0.0163 0.0004 -0.006414 -0.007478 0.028585 0.999543
1787674442.050689 0.0139 -0.0167 0.0002 -0.005774 -0.007323 0.028492 0.999551
1787674442.248649 0.0137 -0.0172 -0.0002 -0.006064 -0.006977 0.028525 0.999550
1787674442.458156 0.0139 -0.0169 -0.0001 -0.006280 -0.006960 0.028684 0.999545
1787674442.576914 0.0138 -0.0168 0.0003 -0.006148 -0.007272 0.028587 0.999546
1787674442.662030 0.0139 -0.0175 0.0005 -0.005817 -0.007289 0.028444 0.999552
1787674442.768141 0.0135 -0.0174 0.0004 -0.006089 -0.007077 0.028272 0.999557
1787674442.854032 0.0131 -0.0171 0.0002 -0.006123 -0.007233 0.028718 0.999543
1787674442.954283 0.0131 -0.0172 0.0000 -0.006050 -0.007177 0.028367 0.999553
1787674443.080940 0.0136 -0.0171 0.0001 -0.005873 -0.007044 0.028424 0.999554
1787674443.154685 0.0139 -0.0172 0.0004 -0.005881 -0.006997 0.028541 0.999551
1787674443.243217 0.0136 -0.0172 0.0004 -0.006202 -0.007262 0.028570 0.999546
1787674443.347370 0.0135 -0.0171 0.0005 -0.006074 -0.007086 0.028571 0.999548
1787674443.542590 0.0137 -0.0169 0.0005 -0.006155 -0.006952 0.028750 0.999544
1787674443.654731 0.0138 -0.0172 0.0005 -0.006238 -0.007064 0.028713 0.999543
1787674443.747291 0.0141 -0.0170 0.0004 -0.006263 -0.007140 0.028438 0.999550
1787674443.863958 0.0142 -0.0174 0.0005 -0.006032 -0.007027 0.028437 0.999553
1787674443.957500 0.0140 -0.0170 0.0003 -0.006259 -0.007161 0.028745 0.999542
1787674444.061669 0.0131 -0.0173 0.0003 -0.006114 -0.007140 0.028677 0.999545
1787674444.159977 0.0134 -0.0171 0.0005 -0.005956 -0.007130 0.028624 0.999547
1787674444.256081 0.0135 -0.0171 0.0004 -0.006131 -0.007063 0.028563 0.999548
1787674444.459222 0.0136 -0.0173 0.0002 -0.005957 -0.007005 0.028587 0.999549
1787674444.557421 0.0141 -0.0171 0.0006 -0.006072 -0.007040 0.028526 0.999550
1787674444.659947 0.0141 -0.0171 0.0003 -0.006109 -0.007341 0.028486 0.999549
1787674444.943393 0.0152 -0.0166 0.0003 -0.006392 -0.007022 0.028410 0.999551
1787674445.267080 0.0149 -0.0175 0.0003 -0.006171 -0.007160 0.028603 0.999546
1787674445.370707 0.0144 -0.0172 0.0002 -0.005941 -0.007043 0.028406 0.999554
1787674445.557477 0.0133 -0.0179 0.0004 -0.005874 -0.007128 0.028498 0.999551
1787674445.760160 0.0129 -0.0176 0.0007 -0.006006 -0.007252 0.028499 0.999549
1787674445.854214 0.0131 -0.0171 0.0007 -0.006009 -0.007391 0.028398 0.999551
1787674445.945525 0.0135 -0.0168 0.0006 -0.006178 -0.007385 0.028589 0.999545
1787674446.157749 0.0144 -0.0167 0.0005 -0.006076 -0.007253 0.028496 0.999549
1787674446.359504 0.0150 -0.0168 0.0004 -0.006004 -0.006977 0.028531 0.999551
1787674446.557792 0.0140 -0.0175 0.0001 -0.006199 -0.007223 0.028528 0.999548
1787674446.657845 0.0138 -0.0175 -0.0000 -0.005980 -0.007115 0.028399 0.999553
1787674446.850332 0.0131 -0.0175 -0.0001 -0.005968 -0.007127 0.028699 0.999545
1787674446.954982 0.0132 -0.0175 0.0000 -0.006118 -0.007032 0.028393 0.999553
1787674447.071208 0.0134 -0.0168 0.0001 -0.006211 -0.006979 0.028505 0.999550
1787674447.159911 0.0135 -0.0169 0.0002 -0.005993 -0.007051 0.028518 0.999550
1787674447.263631 0.0135 -0.0174 0.0005 -0.005935 -0.007181 0.028495 0.999551
1787674447.352944 0.0137 -0.0173 0.0004 -0.006128 -0.007040 0.028367 0.999554
1787674447.459255 0.0140 -0.0171 0.0006 -0.006027 -0.007091 0.028386 0.999554
1787674447.564314 0.0141 -0.0170 0.0005 -0.006044 -0.007096 0.028479 0.999551
1787674447.661363 0.0140 -0.0171 0.0003 -0.005959 -0.007072 0.028508 0.999551
